> d=read.csv(file.choose(),header=TRUE)
> d
    Primary_Only primary Primary_Sec Primary_Sec_HrSec Prim_Sec
1          98.17   98.68      100.00              0.00   100.00
2          99.55   98.77      100.00            100.00   100.00
3         100.00  100.00      100.00              0.00   100.00
4          86.89   94.53       99.66             90.91    87.26
5          91.85   96.07      100.00            100.00    90.00
6          93.89   97.02      100.00            100.00    91.95
7          72.32   89.46      100.00             95.35    94.00
8          73.34   89.99      100.00             97.56    89.80
9          73.85   90.13      100.00             96.00    96.23
10         78.32   91.18       95.90             79.55    97.01
11         81.76   92.63       93.94             83.08    98.19
12         84.64   93.19       96.37             86.06    97.96
13         87.75   98.04       94.31             99.28    95.00
14         87.54   98.34       98.39             99.25    97.73
15         90.31   98.81       98.72             99.32    98.91
16        100.00  100.00      100.00              0.00   100.00
17        100.00  100.00      100.00              0.00   100.00
18        100.00  100.00      100.00              0.00   100.00
19         95.51   98.32       99.90             94.82    97.05
20         96.95   98.55       99.80             96.95    98.88
21         99.03   98.91       99.82             99.47   100.00
22        100.00  100.00      100.00            100.00   100.00
23        100.00  100.00      100.00            100.00   100.00
24        100.00  100.00      100.00            100.00   100.00
25        100.00  100.00      100.00            100.00   100.00
26        100.00  100.00      100.00            100.00   100.00
27        100.00  100.00      100.00            100.00   100.00
28        100.00  100.00      100.00            100.00   100.00
29        100.00  100.00      100.00            100.00   100.00
30        100.00  100.00      100.00            100.00   100.00
31         99.61  100.00      100.00            100.00   100.00
32         99.60  100.00      100.00            100.00   100.00
33        100.00  100.00      100.00            100.00   100.00
34         99.97   99.99      100.00             99.85   100.00
35         99.74   99.94      100.00            100.00   100.00
36         99.97   99.94      100.00            100.00   100.00
37         99.80  100.00      100.00             99.76   100.00
38         99.63  100.00      100.00             99.50   100.00
39         99.85  100.00      100.00            100.00    99.95
40         98.95  100.00      100.00             98.24    99.86
41         98.95   99.87      100.00             98.05   100.00
42         99.89  100.00      100.00             99.44   100.00
43         86.04   92.42       98.80             94.85    97.14
44         87.17   92.94       99.80             94.03    98.96
45         89.68   93.78       99.59             94.74    96.84
46         88.72   94.68       97.78             95.12    93.57
47         89.37   95.12       99.17             95.79    92.44
48         91.75   95.91       99.20             87.97    93.12
49         99.56   99.92       99.76             99.74   100.00
50         99.75   99.97       99.22            100.00   100.00
51         99.96   99.99      100.00            100.00   100.00
52         98.94   99.88       99.85             99.85    99.85
53         99.17   99.97       99.93            100.00    99.90
54         99.45   99.94       99.79            100.00    99.90
55        100.00  100.00      100.00            100.00   100.00
56        100.00  100.00      100.00            100.00   100.00
57        100.00  100.00      100.00            100.00   100.00
58         95.78   99.65       99.41             94.61   100.00
59         95.76   99.77       99.89             94.89   100.00
60         95.76   99.74       99.95             95.24   100.00
61         98.94   99.53       99.83            100.00    99.94
62         99.42   99.76      100.00            100.00   100.00
63         99.58   99.82       99.79            100.00   100.00
64         84.35   93.14       98.85             96.83   100.00
65         83.07   95.10      100.00             96.72    95.65
66         99.83   99.31      100.00            100.00   100.00
67         61.04   59.40       92.31             57.55    95.00
68         62.59   63.16      100.00             61.13    97.92
69         62.16   61.20      100.00             61.39   100.00
70         94.33   93.67      100.00             94.45     0.00
71         90.79   91.60        0.00             93.40     0.00
72         91.61   93.32        0.00             94.03     0.00
73         69.27   79.41       91.01             59.47    74.07
74         72.27   83.90       91.84             64.29    84.09
75         75.81   84.61       94.29             82.05    82.61
76         95.86   98.14       97.52             96.90    97.83
77         97.15   98.94      100.00             99.06   100.00
78         99.28   99.78      100.00             99.47   100.00
79        100.00  100.00      100.00              0.00   100.00
80         99.65  100.00      100.00            100.00   100.00
81        100.00  100.00      100.00            100.00   100.00
82         99.78   99.93       99.87             99.58   100.00
83         99.95  100.00      100.00            100.00   100.00
84         99.99   99.92      100.00            100.00   100.00
85         93.58   98.57       99.79             99.59    99.13
86         94.43   98.69       99.39             99.54    98.98
87         94.35   98.21       98.73             93.42    98.98
88         96.04   99.10       98.65            100.00   100.00
89         96.22   98.50       98.77            100.00   100.00
90         97.59   99.42      100.00            100.00   100.00
91        100.00  100.00      100.00            100.00   100.00
92         99.86   99.95       99.86             99.13    99.36
93         99.97   99.95       99.77             99.19   100.00
94         90.20   97.02      100.00            100.00    91.96
95         90.19   97.26      100.00              0.00    94.30
96         83.00   88.20       75.16             50.00    82.09
97         84.74   89.87       99.09            100.00   100.00
98         85.51   91.75       99.13            100.00   100.00
99         98.83   99.67       96.76             96.87    99.02
100        98.85   99.80       99.73             97.36    99.96
101        98.93   99.86       99.73             97.72    99.93
102        95.85   99.14      100.00             94.50    96.10
103        95.28   99.13       99.78             93.90    96.11
104        96.25   98.99      100.00             95.16    98.06
105        97.81   95.94       98.07             95.07    99.69
106        98.00   96.20       96.56             95.49    99.70
107        98.43   97.22      100.00             96.92    99.75
108        94.09   98.18       99.10             93.90    99.20
109        94.88   98.49       99.59             94.82    99.38
110        95.78   98.69       99.39             95.65    99.59
>  c=cov(d$Primary_Only,d$primary)
> c
[1] 58.05034
> c=cor(d$Primary_Only,d$primary)
> c
[1] 0.8991447
